1	1	1	1	1	1	1	1	1	1	1	1	1	1	1	1	1	1	1	1	1	1	1	1	1	1	1	1	1	1	1
3	1	-1	0	1	-1	0	1	-1	0	1	-1	0	1	-1	0	1	-1	0	1	-1	0	1	-1	0	1	-1	0	1	-1	0
5	1	-1	-1	1	0	1	-1	-1	1	0	1	-1	-1	1	0	1	-1	-1	1	0	1	-1	-1	1	0	1	-1	-1	1	0
7	1	1	-1	1	-1	-1	0	1	1	-1	1	-1	-1	0	1	1	-1	1	-1	-1	0	1	1	-1	1	-1	-1	0	1	1
9	1	1	0	1	1	0	1	1	0	1	1	0	1	1	0	1	1	0	1	1	0	1	1	0	1	1	0	1	1	0
11	1	-1	1	1	1	-1	-1	-1	1	-1	0	1	-1	1	1	1	-1	-1	-1	1	-1	0	1	-1	1	1	1	-1	-1	-1
13	1	-1	1	1	-1	-1	-1	-1	1	1	-1	1	0	1	-1	1	1	-1	-1	-1	-1	1	1	-1	1	0	1	-1	1	1
15	1	1	0	1	0	0	-1	1	0	0	-1	0	-1	-1	0	1	1	0	1	0	0	-1	1	0	0	-1	0	-1	-1	0
17	1	1	-1	1	-1	-1	-1	1	1	-1	-1	-1	1	-1	1	1	0	1	1	-1	1	-1	-1	-1	1	1	-1	-1	-1	1
19	1	-1	-1	1	1	1	1	-1	1	-1	1	-1	-1	-1	-1	1	1	-1	0	1	-1	-1	1	1	1	1	-1	1	-1	1
21	1	-1	0	1	1	0	0	-1	0	-1	-1	0	-1	0	0	1	1	0	-1	1	0	1	-1	0	1	1	0	0	-1	0
23	1	1	1	1	-1	1	-1	1	1	-1	-1	1	1	-1	-1	1	-1	1	-1	-1	-1	-1	0	1	1	1	1	-1	1	-1
25	1	1	1	1	0	1	1	1	1	0	1	1	1	1	0	1	1	1	1	0	1	1	1	1	0	1	1	1	1	0
27	1	-1	0	1	-1	0	1	-1	0	1	-1	0	1	-1	0	1	-1	0	1	-1	0	1	-1	0	1	-1	0	1	-1	0
29	1	-1	-1	1	1	1	1	-1	1	-1	-1	-1	1	-1	-1	1	-1	-1	-1	1	-1	1	1	1	1	-1	-1	1	0	1
31	1	1	-1	1	1	-1	1	1	1	1	-1	-1	-1	1	-1	1	-1	1	1	1	-1	-1	-1	-1	1	-1	-1	1	-1	-1
33	1	1	0	1	-1	0	-1	1	0	-1	0	0	-1	-1	0	1	1	0	-1	-1	0	0	-1	0	1	-1	0	-1	1	0
35	1	-1	1	1	0	-1	0	-1	1	0	1	1	1	0	0	1	1	-1	-1	0	0	-1	-1	-1	0	-1	1	0	1	0
37	1	-1	1	1	-1	-1	1	-1	1	1	1	1	-1	-1	-1	1	-1	-1	-1	-1	1	-1	-1	-1	1	1	1	1	-1	1
39	1	1	0	1	1	0	-1	1	0	1	1	0	0	-1	0	1	-1	0	-1	1	0	1	-1	0	1	0	0	-1	-1	0
41	1	1	-1	1	1	-1	-1	1	1	1	-1	-1	-1	-1	-1	1	-1	1	-1	1	1	-1	1	-1	1	-1	-1	-1	-1	-1
43	1	-1	-1	1	-1	1	-1	-1	1	1	1	-1	1	1	1	1	1	-1	-1	-1	1	-1	1	1	1	-1	-1	-1	-1	-1
45	1	-1	0	1	0	0	-1	-1	0	0	1	0	-1	1	0	1	-1	0	1	0	0	-1	-1	0	0	1	0	-1	1	0
47	1	1	1	1	-1	1	1	1	1	-1	-1	1	-1	1	-1	1	1	1	-1	-1	1	-1	-1	1	1	-1	1	1	-1	-1
49	1	1	1	1	1	1	0	1	1	1	1	1	1	0	1	1	1	1	1	1	0	1	1	1	1	1	1	0	1	1
51	1	-1	0	1	1	0	-1	-1	0	-1	1	0	1	1	0	1	0	0	1	1	0	-1	1	0	1	-1	0	-1	1	0
53	1	-1	-1	1	-1	1	1	-1	1	1	1	-1	1	-1	1	1	1	-1	-1	-1	-1	-1	-1	1	1	-1	-1	1	1	-1
55	1	1	-1	1	0	-1	1	1	1	0	0	-1	1	1	0	1	1	1	-1	0	-1	0	-1	-1	0	1	-1	1	-1	0
57	1	1	0	1	-1	0	1	1	0	-1	-1	0	-1	1	0	1	-1	0	0	-1	0	-1	-1	0	1	-1	0	1	1	0
59	1	-1	1	1	1	-1	1	-1	1	-1	-1	1	-1	-1	1	1	1	-1	1	1	1	1	-1	-1	1	1	1	1	1	-1