228
169
192
178
105
40
72
152
15
93
57
135
205
239
55
193
60
253
4
218
43
224
113
114
49
204
175
233
148
81
25
124
98
233
157
57
132
217
16
208
42
216
171
133
192
130
151
209
68
242
82
249
166
22
8
57
148
251
8
79
27
234
55
103
64
151
157
150
190
120
40
211
49
67
133
238
220
207
136
193
42
218
215
207
132
136
58
243
155
147
148
133
48
41
58
150
51
58
234
18
47
107
202
192
24
122
227
224
112
68
33
237
154
71
65
188
92
101
125
206
220
93
146
57
73
47
248
14
163
76
249
165
102
138
190
95
205
248
7
211
238
173
234
160
32
31
4
234
150
180
101
143
214
114
11
198
164
62
215
35
54
88
51
23
236
232
8
31
195
4
103
227
5
127
193
128
110
195
167
1
148
225
212
106
63
98
171
146
239
83
148
119
137
139
154
99
141
153
228
111
33
237
234
42
132
235
77
133
185
205
42
170
56
73
34
29
138
124
37
253
255
169
160
32
15
44
111
240
177
109
113
120
50
59
41
53
213
57
27
44
125
231
172
38
154
218
217
163
169
22
216
13
210
79
50
115
157
207
206
39
181
155
49
29
122
111
245
155
13
238
245
80
242
6
211
126
78
94
46
133
209
19
23
172
237
5
126
220
210
110
80
108
71
247
118
159
208
78
19
134
231
128
66
137
88
120
192
34
226
60
91
212
249
240
49
174
161
193
77
126
69
238
226
23
196
154
211
79
96
54
140
110
33
209
199
107
42
29
81
191
232
177
46
196
80
195
136
249
198
181
143
134
118
12
99
158
105
74
194
52
210
218
42
29
225
11
207
65
67
198
123
159
220
169
94
196
176
145
207
212
9
250
104
100
57
52
185
147
247
148
106
77
92
88
15
27
205
91
230
152
102
36
62
149
144
112
150
238
98
1
9
137
129
70
232
196
176
194
116
212
97
175
41
54
30
194
58
119
178
142
113
18
2
64
234
155
235
93
27
151
25
136
231
156
59
235
177
30
208
220
85
204
148
94
248
29
13
74
90
238
76
139
41
210
18
29
212
163
254
160
254
122
179
25
228
42
121
232
108
120
169
66
160
224
46
20
134
28
140
24
132
55
80
153
116
70
185
118
233
96
215
169
8
21
189
96
146
29
66
246
5
34
216
190
184
70
229
9
19
116
70
127
37
221
139
217
159
43
221
44
165
56
173
90
200
218
26
5
217
151
26
48
172
22
227
239
213
2
121
18
105
65
14
152
46
3
76
161
173
57
198
71
95
38
52
12
164
35
61
107
18
143
210
251
193
169
148
212
150
74
139
140
230
53
16
240
6
117
74
10
193
189
72
209
78
244
159
229
249
182
172
129
12
139
198
114
136
235
233
242
126
31
203
47
185
229
116
194
85
78
186
36
197
145
110
241
47
82
209
145
132
151
191
192
108
74
46
174
69
240
47
1
183
59
120
105
18
245
77
184
237
225
5
13
89
130
103
93
84
107
91
99
92
254
92
195
145
7
143
221
208
253
45
121
212
155
149
83
233
42
109
75
124
59
90
131
119
24
241
84
120
10
4
250
213
232
143
249
232
197
90
99
86
121
198
69
220
211
85
156
145
212
199
18
103
143
199
4
212
90
80
74
219
202
7
88
127
107
134
17
4
188
64
247
131
240
115
103
153
75
89
251
139
213
130
204
5
231
177
32
35
19
123
1
34
248
50
175
115
9
5
90
171
83
214
49
86
236
56
205
177
28
158
10
9
8
88
143
255
226
46
52
135
149
108
74
41
44
224
91
82
115
240
129
69
197
77
80
130
2
254
10
196
104
4
60
184
201
255
155
143
10
52
251
230
130
114
35
120
125
26
236
38
153
250
254
86
86
40
201
197
176
124
163
171
45
65
172
216
62
13
179
69
97
85
121
52
100
253
147
42
243
201
191
11
45
175
186
147
54
59
175
215
67
184
85
31
38
216
8
234
110
183
9
104
229
117
205
22
78
85
48
108
95
159
77
239
104
4
121
223
143
36
85
224
125
79
211
161
36
21
139
123
142
214
67
189
201
103
75
69
230
160
190
168
237
238
96
207
107
245
143
154
40
138
137
40
210
174
2
98
107
137
143
4
52
3
21
37
119
13
109
82
118
135
6
108
91
213
110
99
129
76
214
146
0
208
140
11
176
19
84
74
151
39
61
224
190
107
125
153
9
88
214
200
207
47
183
188
60
77
1
21
128
128
26
15
182
207
16
224
97
165
139
9
242
208
148
98
189
254
231
156
87
101
28
197
166
149
249
9
60
171
190
56
90
166
241
233
49
178
174
103
214
99
163
204
63
88
150
63
128
230
67
7
169
182
134
133
252
52
85
96
246
49
8
198
213
8
24
182
182
154
65
255
253
239
193
182
112
188
171
252
25
50
9
198
192
206
35
44
253
182
78
85
215
50
86
206
128
95
124
163
23
155
108
107
99
161
241
179
74
222
146
244
149
72
89
49
9
225
65
198
149
121
123
70
40
165
141
208
125
135
50
161
226
107
112
135
178
77
71
211
220
106
228
34
161
220
90
10
175
67
228
132
54
38
245
31
215
161
225
209
76
64
68
216
79
13
242
177
128
186
168
109
235
238
12
48
245
162
14
11
6
46
125
32
181
218
20
33
161
5
113
131
252
36
76
145
201
55
121
40
40
19
119
87
9
233
61
203
220
82
109
21
163
177
209
155
30
109
60
55
32
122
30
184
222
171
5
93
72
253
104
232
194
144
12
130
13
67
63
33
195
46
1
243
133
27
193
164
251
98
226
215
63
111
172
157
101
244
78
222
0
78
182
144
182
131
30
3
86
151
12
136
191
196
41
1
157
32
14
236
71
153
205
57
111
176
34
237
224
10
159
35
36
5
221
240
129
47
244
249
101
124
193
167
145
211
153
230
7
180
157
12
230
114
212
64
77
152
139
179
116
32
230
192
14
165
156
106
133
6
22
61
102
43
9
221
121
152
11
128
223
228
139
73
153
3
1
74
170
7
226
29
210
52
208
11
192
176
77
29
182
58
92
117
169
57
147
225
165
194
252
197
212
65
99
32
91
119
245
36
198
40
30
115
119
6
130
46
169
42
93
248
238
162
152
139
198
158
96
65
204
132
31
33
219
214
71
18
223
43
181
5
5
15
135
25
17
150
208
34
183
149
104
35
167
239
198
127
192
177
167
222
86
160
144
46
60
156
92
97
175
28
120
18
128
123
38
144
238
86
102
188
127
102
225
54
171
200
59
51
60
37
29
33
92
142
65
117
234
107
218
41
225
165
201
94
46
126
22
146
187
109
45
22
75
21
170
181
239
138
20
24
145
250
51
108
97
156
234
98
12
212
255
168
90
203
108
181
211
144
142
115
12
243
147
56
181
88
219
218
128
166
130
232
71
164
131
214
143
26
52
186
35
10
122
212
246
137
187
212
150
191
196
212
234
124
80
102
42
236
157
252
193
122
118
78
82
216
5
233
65
152
118
147
25
208
245
193
113
221
64
254
92
176
32
74
181
74
132
159
188
202
56
58
13
24
214
89
38
214
168
184
177
140
107
41
237
48
238
27
130
88
89
43
67
248
162
149
96
251
168
0
61
210
159
219
11
12
118
166
229
74
18
86
20
213
118
239
87
229
205
144
232
39
53
181
59
179
10
109
116
231
120
145
17
5
136
144
66
49
236
128
191
142
133
214
216
193
202
169
227
136
232
217
154
115
126
40
26
7
22
56
64
120
16
26
14
202
177
85
220
23
229
116
33
76
127
24
53
79
6
7
33
179
96
124
125
70
18
252
4
236
171
253
115
139
228
80
206
164
172
123
151
12
173
8
11
181
50
128
145
18
193
40
40
170
19
41
81
90
74
177
35
11
60
150
157
155
193
22
235
97
155
206
252
196
129
53
127
234
168
5
194
180
244
199
39
247
214
82
101
106
130
27
42
144
73
102
99
9
14
99
127
194
127
227
197
92
177
138
156
96
193
153
181
35
248
79
61
184
174
172
201
53
221
63
224
179
140
171
229
177
216
137
77
5
132
93
226
31
56
122
148
19
37
75
39
193
130
128
16
57
55
174
135
86
8
27
89
148
152
12
169
97
240
18
35
249
205
166
70
153
147
209
232
59
116
255
173
116
8
137
150
61
190
161
99
194
21
68
62
226
37
16
94
184
193
241
255
241
94
149
31
218
131
98
255
240
140
7
54
157
36
43
145
21
45
32
249
135
191
225
107
169
88
0
34
51
178
58
149
79
185
2
126
64
141
143
240
77
219
246
210
180
241
79
84
195
51
182
15
224
128
140
121
227
40
7
30
33
112
33
47
96
222
126
175
124
148
180
139
223
50
216
133
165
227
133
173
157
99
216
190
242
2
93
133
144
132
7
241
23
194
154
103
172
97
212
42
15
132
207
232
236
136
101
238
151
201
166
170
229
186
83
32
81
104
195
235
22
72
165
141
151
42
215
65
102
217
103
22
19
83
53
10
224
221
136
255
251
149
232
152
86
240
84
179
250
55
227
154
38
247
239
139
111
176
80
129
238
206
25
196
51
61
255
65
50
64
54
107
152
2
81
47
172
96
10
97
68
105
95
71
69
94
82
218
22
72
225
60
130
26
189
198
53
53
14
140
88
142
225
185
166
235
88
255
196
121
150
134
33
253
166
186
164
129
158
115
223
176
141
3
95
237
226
197
182
248
19
232
211
172
56
73
51
233
81
132
80
95
233
70
140
238
32
229
126
122
59
35
119
37
96
200
242
242
98
181
190
29
42
115
190
162
179
138
67
9
76
19
236
184
45
208
237
133
100
144
217
241
208
196
188
85
30
2
248
217
115
171
245
200
58
254
45
179
92
57
60
147
3
231
221
82
187
6
19
29
101
145
129
73
196
163
68
196
245
69
146
205
39
211
186
104
128
238
19
197
41
210
55
90
251
30
178
233
204
119
248
80
33
115
185
237
9
174
121
55
95
125
65
45
41
57
228
254
0
195
146
15
58
114
12
76
162
45
210
248
142
149
224
158
155
147
172
76
232
26
182
109
177
21
179
112
128
110
43
4
57
203
183
61
227
149
246
49
27
45
131
48
56
66
209
249
62
16
39
119
128
237
184
109
133
29
52
231
31
3
98
166
40
59
127
199
223
146
98
253
80
234
70
91
125
237
139
222
65
190
151
182
253
164
83
231
170
13
84
20
100
114
127
254
171
238
31
74
32
78
254
72
54
116
10
28
177
175
123
74
94
229
163
240
130
14
3
25
19
123
206
135
109
91
69
0
6
156
66
102
230
150
141
10
161
116
30
118
2
156
51
213
63
8
19
193
214
71
69
31
152
152
20
200
115
151
223
91
236
132
86
198
201
241
205
157
112
240
196
27
218
36
157
196
232
237
1
153
137
174
2
229
163
56
116
195
219
165
13
69
86
160
213
69
33
140
178
38
43
210
212
217
52
95
251
248
14
173
222
212
13
243
113
6
196
185
18
57
236
131
194
237
122
179
6
60
169
140
82
80
81
61
31
82
221
32
214
121
194
165
54
62
205
223
43
28
184
5
158
147
31
249
246
22
156
71
250
205
255
17
126
201
49
213
210
20
157
13
155
243
249
123
237
170
201
163
227
155
108
186
228
80
134
137
218
238
181
32
46
126
191
252
80
158
246
159
129
119
46
131
7
170
234
208
94
55
49
235
31
153
20
43
161
125
88
160
189
64
12
32
82
211
133
86
237
23
33
154
193
63
234
177
57
129
3
110
100
249
223
41
217
174
180
118
136
187
46
238
183
250
13
240
161
169
43
116
69
8
195
83
246
131
60
22
179
73
160
143
78
12
165
223
3
84
171
30
250
248
206
18
185
38
190
137
20
102
110
175
212
142
58
217
180
15
70
64
55
70
39
49
25
109
97
222
57
193
154
142
11
17
43
104
51
190
229
247
35
60
125
7
61
39
95
86
56
158
31
4
226
81
222
168
245
75
99
138
125
74
219
29
252
16
90
129
194
185
210
45
214
138
150
199
185
190
12
45
175
111
173
180
191
28
122
19
205
176
171
105
42
215
170
86
142
76
32
151
221
149
50
183
7
215
1
114
15
36
62
50
54
220
128
223
63
177
32
118
186
115
73
211
167
228
247
241
115
149
85
69
209
45
169
48
137
229
226
231
197
111
27
235
106
194
2
114
253
190
249
126
86
222
161
162
161
143
117
56
52
185
196
126
216
109
228
125
231
114
67
126
98
176
141
21
238
58
3
172
234
86
223
170
228
204
24
57
156
235
128
84
95
111
11
216
96
63
79
94
199
236
17
82
5
60
244
190
95
155
106
8
80
222
30
208
11
58
46
12
233
3
45
116
57
71
147
214
116
186
157
118
192
12
139
35
48
165
136
100
235
121
137
143
177
156
141
57
80
229
193
220
189
144
67
57
51
29
166
160
117
14
214
113
190
126
247
56
206
131
43
110
77
150
20
143
174
192
192
19
231
171
245
38
168
19
148
96
65
75
237
212
89
99
10
242
153
47
126
248
234
97
176
141
203
84
4
20
185
56
168
195
23
17
255
45
230
227
64
84
153
66
172
203
92
115
13
69
249
82
176
9
75
68
140
69
185
150
51
57
99
16
62
87
238
97
243
111
89
37
65
196
45
252
159
157
151
62
195
225
172
29
25
53
160
244
85
137
38
124
70
6
227
170
144
187
207
201
138
99
174
55
61
129
177
184
113
249
255
197
119
36
77
26
170
124
169
207
226
65
75
47
66
202
94
223
66
7
235
147
172
135
128
137
207
170
78
158
88
169
41
132
131
240
95
4
9
196
70
141
36
175
250
69
123
211
184
16
32
81
160
54
181
6
47
167
73
182
8
38
155
252
76
133
112
175
48
185
176
252
243
82
39
73
240
229
184
129
247
201
243
103
152
149
245
59
134
94
240
126
79
187
178
228
10
235
211
252
56
125
89
26
2
179
1
122
136
25
179
208
96
223
129
24
150
232
164
78
63
22
60
199
68
135
185
254
81
14
17
216
105
5
212
30
236
137
224
121
192
41
77
128
221
138
172
168
106
9
211
87
53
241
7
212
36
253
225
234
4
96
115
11
115
249
133
157
142
93
153
9
215
47
236
35
67
115
136
223
126
41
99
76
218
115
109
128
71
226
52
172
56
78
214
167
71
214
217
138
14
138
119
153
9
179
234
245
90
176
167
249
189
241
225
202
234
65
8
196
130
98
158
143
33
233
142
35
122
210
130
53
130
163
249
189
144
132
44
188
214
7
218
231
248
125
0
6
69
98
237
26
114
109
211
44
190
88
111
225
207
179
220
210
118
172
22
23
139
145
73
250
163
21
250
144
112
122
248
187
232
138
241
167
14
139
145
89
219
119
148
202
240
255
219
26
210
218
37
254
216
116
6
151
174
2
211
10
77
187
163
96
93
8
22
246
53
10
93
45
124
206
55
59
52
172
182
131
126
208
121
93
100
103
8
254
93
81
10
169
155
86
7
57
109
40
223
6
87
237
14
8
104
225
249
104
77
157
49
93
103
217
81
88
210
3
222
194
33
84
206
17
99
109
11
146
38
39
74
195
116
94
254
59
51
12
148
223
103
111
96
35
45
9
203
187
93
218
138
103
20
48
66
149
26
228
150
176
225
233
201
219
213
164
28
138
233
234
6
242
230
166
78
194
120
119
213
212
30
55
159
1
252
120
208
65
42
125
25
188
13
152
66
104
157
68
165
186
127
81
38
255
130
151
7
111
176
252
76
125
42
141
213
80
66
100
160
179
30
196
27
175
194
94
103
119
142
18
73
151
194
128
81
223
110
48
75
158
210
184
170
128
56
222
230
41
202
228
178
173
137
124
245
115
148
246
16
98
147
50
117
237
187
218
132
105
55
182
155
253
207
6
149
164
162
197
98
61
133
139
0
36
7
13
66
158
94
218
199
159
41
161
74
243
109
41
113
42
124
187
134
180
40
29
170
167
242
157
84
108
224
39
121
154
93
159
162
160
101
21
163
178
93
103
110
123
194
255
108
114
102
44
200
210
88
16
254
22
18
218
162
141
69
245
58
205
22
162
21
35
75
89
8
208
93
196
65
236
103
37
201
61
80
181
238
207
152
73
170
108
111
36
73
23
124
76
94
108
79
207
76
200
93
43
38
191
197
202
29
235
15
92
247
241
155
88
203
126
159
31
133
116
169
68
25
203
27
110
4
84
39
106
206
28
249
54
5
81
216
39
227
174
78
99
84
71
217
56
221
33
202
154
159
135
178
42
149
106
157
221
28
198
158
22
82
224
158
51
174
205
245
155
159
54
25
221
6
66
109
124
172
135
213
228
78
65
112
97
118
171
6
184
69
8
62
124
253
215
126
50
201
76
175
177
140
161
103
231
85
239
119
213
31
217
84
51
250
201
24
87
56
185
175
157
88
9
160
202
172
210
88
134
193
242
170
108
107
224
118
139
128
91
221
81
216
232
106
166
51
37
102
145
33
250
106
185
138
162
74
76
114
135
134
19
66
6
223
6
167
41
174
231
251
99
77
86
158
191
167
50
130
130
89
89
183
112
91
29
138
92
83
18
218
43
16
168
106
254
184
147
244
248
223
83
172
20
172
118
138
61
123
151
182
196
22
110
188
105
80
61
116
167
131
178
85
254
128
32
230
255
43
163
242
162
100
229
163
251
38
74
21
72
112
158
25
64
62
199
72
45
252
89
211
11
72
181
35
30
219
41
150
107
141
197
59
199
226
60
2
30
120
161
62
9
65
4
67
255
165
127
100
100
134
10
214
203
169
94
248
41
230
28
22
165
102
141
199
230
61
102
3
213
100
6
184
236
230
243
238
25
32
227
128
157
166
17
111
143
158
241
63
85
0
190
163
76
208
87
40
79
240
245
193
8
209
16
244
59
129
182
155
234
26
197
9
171
137
205
122
234
242
40
186
73
119
109
233
247
59
153
30
137
122
82
140
167
198
143
186
232
148
13
64
118
119
180
138
76
188
248
6
52
33
224
184
243
40
61
109
221
102
210
192
1
121
177
192
120
5
99
231
32
18
47
239
93
185
31
140
214
124
238
247
210
54
118
175
16
234
107
47
229
68
111
178
58
220
70
21
115
238
143
121
60
199
134
229
201
46
249
111
155
231
7
107
24
28
66
238
98
248
144
125
205
53
129
200
21
5
133
170
164
192
54
33
219
231
25
145
32
211
17
240
170
2
95
76
38
155
70
166
42
152
109
200
111
15
74
79
185
224
171
144
254
103
21
187
206
246
61
51
177
119
65
37
127
76
167
222
187
203
35
108
56
14
133
134
74
59
205
160
197
31
1
223
227
109
119
104
222
48
223
49
185
85
142
57
233
49
53
246
193
62
192
32
83
188
169
187
148
60
57
12
227
27
123
172
173
176
131
195
20
142
8
110
66
190
245
97
214
42
54
117
251
104
47
102
111
101
13
159
254
82
89
94
146
99
146
143
197
221
20
11
216
102
0
22
190
25
76
113
195
227
208
142
139
231
78
104
133
97
41
73
158
30
210
81
9
216
208
77
232
47
33
130
43
41
16
242
37
139
114
174
235
115
172
199
119
232
219
12
232
238
153
158
180
43
44
185
161
232
88
78
199
139
198
184
216
170
69
189
152
83
121
53
211
216
225
69
82
222
18
170
69
94
106
143
129
111
209
52
30
29
19
207
68
23
252
53
76
11
221
42
51
33
64
4
134
3
31
244
216
190
101
188
221
24
138
24
175
74
26
223
232
81
194
75
213
90
156
203
64
89
44
56
103
143
194
173
49
4
250
112
60
32
92
198
115
91
96
253
91
85
171
54
251
186
77
136
116
233
73
68
117
163
207
92
171
192
190
23
215
137
143
253
206
69
139
130
211
147
29
119
44
180
229
106
119
199
83
0
81
121
150
99
137
18
254
195
219
63
175
29
14
94
65
46
243
11
179
36
157
205
147
68
86
71
40
26
202
197
209
122
16
248
121
133
19
2
126
128
219
79
233
67
208
17
214
193
86
238
118
170
166
246
170
19
99
197
247
66
250
29
93
89
221
170
18
227
6
98
174
18
108
98
255
88
240
185
229
58
101
112
13
84
28
210
29
92
169
202
156
204
83
52
236
220
172
132
175
132
87
46
26
129
26
93
39
172
228
211
45
29
1
229
208
210
97
84
71
205
20
206
71
77
212
2
142
51
247
114
208
80
128
252
252
197
1
52
228
92
124
107
205
131
103
32
39
236
86
79
169
39
198
252
80
73
37
104
66
162
70
60
28
198
115
244
75
192
145
7
131
97
143
200
49
44
96
131
21
176
137
224
67
54
147
62
192
182
217
2
179
98
67
161
134
65
143
20
104
82
145
60
45
48
4
50
140
199
248
52
17
34
247
16
34
4
252
78
23
212
151
212
141
170
36
79
163
140
7
64
88
0
42
83
37
63
72
120
206
8
211
243
126
188
49
166
8
167
215
126
136
107
222
115
107
159
175
78
55
60
236
222
108
160
97
110
37
104
196
204
20
80
54
156
79
50
249
249
117
129
245
104
36
19
226
13
124
88
154
242
117
203
140
58
236
140
121
191
131
123
222
245
193
226
163
25
3
30
137
25
247
115
64
243
72
237
0
79
64
115
242
180
208
102
168
70
179
71
186
130
114
184
99
197
111
86
28
174
33
211
106
122
183
8
154
75
170
155
151
1
67
59
46
143
5
186
90
219
180
179
155
114
170
149
204
76
188
59
125
231
119
248
207
153
145
239
76
56
101
121
85
194
131
12
232
176
69
30
3
52
23
88
71
109
13
44
152
231
138
36
138
55
96
86
226
109
11
85
222
128
190
232
138
40
207
207
62
115
99
200
239
121
135
54
76
64
151
242
241
178
39
182
137
84
163
135
195
114
223
59
162
212
73
242
152
211
233
85
23
105
74
233
51
174
180
170
146
134
153
122
147
226
62
145
180
175
98
197
213
157
177
80
61
93
116
50
135
205
61
106
11
72
118
8
228
111
166
63
93
121
166
200
109
70
21
151
140
250
136
237
163
209
6
164
128
40
176
23
192
248
210
157
89
240
96
128
77
137
220
50
17
191
250
150
209
227
158
136
225
226
35
141
212
58
69
189
204
140
190
152
113
38
68
46
61
102
216
137
170
29
41
85
210
23
241
133
45
220
100
145
236
26
83
140
216
8
127
198
62
6
236
51
217
9
3
50
185
80
211
141
254
111
124
216
95
80
0
172
181
169
248
83
12
107
124
123
56
112
139
228
120
187
11
240
223
156
2
190
162
45
200
124
128
45
8
16
148
202
231
237
169
21
25
236
237
165
110
108
207
81
246
150
24
34
169
226
5
196
30
21
202
194
115
208
165
185
49
163
106
168
56
52
239
72
93
175
166
66
222
119
129
225
255
216
24
1
51
131
251
73
54
203
187
185
178
108
13
104
159
87
62
224
96
10
180
17
135
120
159
98
7
247
241
136
31
41
92
38
125
192
174
166
184
193
58
132
203
54
106
154
131
20
140
183
94
170
143
88
159
91
135
196
3
131
149
208
122
80
11
18
177
108
47
21
240
51
172
247
188
220
80
218
148
22
172
118
56
44
17
196
125
108
185
239
149
118
193
102
156
150
236
162
215
203
245
223
245
173
9
174
159
189
89
251
220
52
176
168
29
148
65
237
94
8
35
251
61
176
187
36
199
61
124
15
148
117
39
20
89
212
239
191
169
103
6
100
88
21
214
139
143
166
84
0
48
206
9
3
51
74
185
116
54
34
45
127
150
167
27
117
84
230
122
143
2
91
42
26
41
37
28
125
13
25
3
152
143
81
187
234
134
26
171
194
138
228
26
91
236
109
192
59
27
232
64
146
52
156
248
30
109
79
254
149
39
65
71
31
224
211
98
212
210
148
43
251
247
220
210
66
30
217
133
12
84
160
118
135
83
217
176
213
141
161
193
183
57
166
159
1
132
220
132
2
194
122
19
56
70
201
206
135
120
160
126
154
67
101
222
139
25
44
160
81
154
194
145
229
223
50
8
41
52
62
86
17
158
56
35
6
110
96
31
38
12
51
123
244
203
149
192
26
22
235
189
127
236
248
196
187
26
149
222
76
150
40
115
159
39
239
126
49
59
100
27
238
111
213
211
248
41
128
46
208
45
197
170
254
227
72
107
51
207
109
91
44
116
178
0
49
192
226
235
128
202
245
156
5
24
52
62
47
247
57
21
100
215
4
81
178
46
37
53
126
31
249
122
230
6
50
243
148
171
67
138
8
231
84
116
136
11
152
226
52
192
232
65
61
0
254
93
193
245
229
30
176
45
184
41
119
74
66
6
161
0
42
104
59
40
135
65
91
87
96
33
63
176
159
171
188
188
60
79
161
179
188
57
207
113
217
235
30
158
78
39
7
3
99
80
226
58
157
174
85
90
188
126
219
217
37
160
185
52
108
169
53
148
108
217
191
224
149
134
56
241
186
38
49
195
67
193
16
97
247
108
89
31
214
164
188
34
223
100
13
251
153
228
127
6
33
152
93
18
142
249
137
243
154
151
141
112
42
120
177
201
211
94
38
43
0
0
235
215
247
241
213
68
197
208
113
150
65
148
30
155
104
134
122
117
191
245
185
153
24
120
105
22
203
20
223
141
16
245
225
143
247
142
94
37
80
18
53
115
194
148
233
46
50
188
245
224
242
53
255
7
119
48
38
68
213
133
204
122
134
15
162
233
40
65
123
154
153
128
130
14
88
102
221
186
203
137
180
202
83
35
125
148
39
62
173
241
19
223
230
43
128
127
223
4
70
24
188
235
199
13
194
14
194
19
141
24
101
118
247
160
216
70
90
233
32
121
219
208
240
165
129
47
86
29
96
118
239
185
48
172
1
85
175
145
143
123
216
29
169
48
3
225
130
59
123
65
140
78
115
18
111
244
28
215
121
168
127
1
244
131
171
235
81
94
117
129
215
11
146
104
21
76
24
182
18
213
52
1
215
100
111
216
239
198
216
21
196
217
43
99
252
54
157
157
219
47
105
68
222
119
164
13
66
198
131
234
90
198
6
83
195
130
73
91
200
182
68
224
251
149
140
70
79
21
215
228
33
112
74
3
37
229
71
124
83
184
102
17
151
28
37
130
62
72
93
4
219
5
25
10
227
140
219
216
171
106
222
197
186
238
163
211
109
253
180
217
204
13
200
54
121
125
78
140
7
251
160
42
186
28
106
8
27
13
108
69
167
91
3
236
122
99
241
113
244
46
32
96
25
137
197
18
197
255
225
57
52
203
129
34
221
18
5
250
241
225
31
47
143
99
160
23
1
233
246
210
134
221
82
98
8
186
125
137
185
107
128
166
222
9
39
253
17
54
211
137
141
56
157
186
37
149
65
231
110
199
134
222
143
235
116
28
124
81
218
192
248
66
169
160
53
161
204
198
203
43
218
203
166
232
135
246
145
123
158
4
55
200
88
133
143
223
12
142
164
78
199
226
27
65
221
27
35
168
90
151
194
220
171
105
179
186
239
182
154
162
215
60
248
0
163
32
254
1
99
6
91
72
206
128
199
210
54
60
149
144
123
136
118
85
84
240
16
46
40
22
158
18
226
180
86
207
125
133
240
53
241
101
221
84
145
211
80
66
238
154
94
98
74
108
47
246
224
148
123
100
199
138
163
5
6
174
189
119
79
148
154
170
189
17
45
18
117
11
132
213
146
88
30
44
179
9
16
125
78
211
122
154
16
156
111
148
30
174
75
88
42
230
125
207
207
172
148
163
5
159
179
56
206
0
162
162
128
224
192
137
167
47
193
160
126
251
204
228
14
79
237
122
237
138
114
198
71
30
207
11
192
234
191
97
206
120
99
137
41
88
135
47
242
194
128
184
216
96
150
87
98
142
42
44
165
41
117
252
247
117
120
54
31
136
14
24
187
68
154
21
247
142
237
82
176
59
15
92
48
65
20
79
216
101
41
210
32
157
103
218
138
174
112
52
85
33
34
45
112
219
42
48
181
141
5
251
178
49
64
45
224
186
244
57
187
62
177
242
234
57
16
186
218
45
103
97
154
143
198
5
196
22
89
145
175
71
158
54
51
113
108
128
27
40
204
191
146
34
90
133
167
14
131
133
124
167
173
178
23
146
221
120
130
208
244
49
160
167
60
200
119
8
44
60
113
42
111
11
38
60
232
76
0
102
117
203
16
148
53
237
98
37
255
151
152
171
129
159
204
240
86
16
66
5
75
20
6
152
20
87
150
46
2
150
115
35
57
236
41
168
243
63
247
46
147
204
187
228
149
141
104
11
103
240
112
58
170
93
181
131
235
84
78
80
244
63
72
116
18
23
68
163
175
188
221
97
55
241
111
93
131
210
179
47
118
144
131
169
47
89
59
83
2
151
57
117
103
241
109
140
92
72
175
210
19
6
246
211
208
52
41
35
22
161
220
208
124
12
189
130
241
243
164
222
90
122
36
93
66
23
110
194
200
134
163
83
70
207
195
148
195
19
38
26
149
43
206
239
12
140
162
96
128
151
208
224
79
9
31
95
229
246
186
45
145
29
2
67
106
122
22
201
88
51
112
183
204
66
7
208
184
142
19
38
216
175
210
248
183
202
18
216
174
246
158
235
236
66
0
222
38
128
59
154
103
117
253
207
183
106
18
29
210
233
160
241
29
13
231
246
77
119
7
175
79
108
137
51
194
88
57
18
145
71
125
210
114
218
159
148
142
161
3
144
8
225
92
234
235
88
138
224
102
96
200
210
39
63
52
137
76
48
189
117
83
198
116
133
105
200
190
252
108
69
86
214
44
123
49
128
28
103
189
48
85
230
154
150
158
30
132
46
133
38
181
35
0
64
168
186
129
249
161
35
147
129
147
161
58
7
254
179
177
117
41
103
149
82
173
46
50
254
173
5
130
42
112
7
9
241
211
135
124
170
165
42
248
161
177
124
190
11
208
220
29
140
77
52
197
97
197
231
168
184
130
13
68
215
159
214
216
10
47
88
49
173
56
241
182
255
204
12
137
200
251
146
19
200
242
165
227
128
35
83
203
175
4
12
232
63
225
102
200
36
194
8
23
176
110
228
0
127
143
142
112
115
124
88
253
164
142
112
3
6
57
168
89
141
85
58
182
5
2
27
227
43
145
62
107
42
159
75
205
4
157
152
88
173
164
155
67
83
195
219
235
93
92
62
209
45
115
242
192
220
223
119
138
217
195
68
173
71
236
158
164
172
122
164
131
59
54
130
137
211
133
183
183
237
66
122
7
171
35
0
169
96
86
45
2
185
5
210
64
49
87
64
63
225
58
139
95
248
128
61
205
109
15
201
164
79
132
16
97
44
170
136
239
96
121
233
226
106
38
92
119
212
52
85
40
201
37
44
84
69
36
251
192
49
127
16
67
156
107
8
177
132
47
211
56
238
159
71
193
11
59
44
198
239
60
113
251
234
44
37
228
29
55
19
60
191
54
235
24
82
251
149
101
211
14
59
154
157
36
177
134
159
79
246
9
186
83
226
137
41
108
207
254
112
203
216
98
186
94
157
178
36
220
99
131
139
95
74
34
178
76
57
127
151
200
4
97
182
23
65
103
99
18
200
48
28
115
218
185
64
147
170
28
203
133
158
239
132
250
112
207
25
90
43
60
83
192
159
8
54
33
65
190
18
220
163
86
23
37
164
242
0
222
209
49
6
4
18
80
8
201
185
63
226
233
67
52
196
217
202
73
202
69
55
94
251
239
201
165
99
231
105
140
67
229
236
170
22
166
234
9
128
66
146
220
30
160
194
231
47
9
40
246
187
72
196
101
86
157
121
48
198
131
162
203
221
59
110
1
137
41
180
92
106
251
188
132
235
214
103
61
104
180
84
127
209
146
125
98
245
202
230
56
23
251
88
50
194
44
102
122
203
230
88
20
253
190
97
146
254
242
70
162
249
49
126
219
97
81
40
101
177
104
253
76
31
46
212
24
108
28
223
100
76
57
43
68
44
73
20
220
39
209
25
175
119
127
144
83
38
217
247
54
215
193
106
32
37
159
52
119
32
158
163
208
233
183
84
174
69
72
216
10
15
83
58
27
222
151
69
155
131
181
164
152
77
152
133
235
110
11
244
70
169
230
50
233
145
73
47
144
34
17
212
140
196
52
157
156
138
244
27
205
108
180
25
1
174
232
82
219
48
190
194
40
2
59
198
38
233
147
169
215
229
172
200
1
251
152
250
243
160
1
107
163
248
177
71
231
111
38
17
224
104
60
114
157
143
190
170
25
244
236
248
26
154
5
115
196
24
21
68
21
183
62
60
127
123
158
70
116
210
42
37
219
178
166
5
25
126
224
246
220
226
233
30
77
12
175
239
200
241
111
111
135
149
246
160
172
167
9
125
241
99
114
124
125
219
179
98
221
170
201
215
169
59
200
247
214
55
236
56
173
214
240
185
4
1
205
190
51
190
237
45
62
185
40
224
92
238
127
156
174
231
102
233
44
123
69
100
185
131
44
23
157
54
249
178
37
4
206
130
248
250
55
6
63
230
139
179
30
125
195
168
204
52
147
56
94
146
186
175
105
208
42
65
156
191
178
39
180
171
80
217
105
247
79
22
237
31
61
228
217
126
147
86
125
22
39
102
180
48
177
135
141
84
134
143
73
129
245
191
231
232
138
198
18
224
153
77
89
134
35
17
167
199
245
93
76
193
75
250
97
240
48
157
44
48
93
149
236
163
51
75
186
144
249
214
49
197
134
118
85
100
36
29
204
245
47
19
170
220
255
99
108
66
222
122
248
224
81
8
22
209
40
36
131
126
87
39
145
231
203
135
80
112
57
46
239
42
101
153
73
234
222
233
213
70
51
243
159
252
128
39
18
167
134
8
195
212
119
33
214
254
228
235
211
18
161
31
132
6
214
133
79
175
51
26
58
18
39
173
176
35
193
161
29
23
247
114
138
61
172
151
239
88
47
50
69
2
25
248
184
51
167
20
215
185
64
104
21
192
0
183
202
146
205
96
234
155
201
159
44
226
121
143
27
242
140
151
104
24
20
76
90
6
186
254
46
184
85
3
187
24
169
170
127
52
93
116
32
212
177
202
215
52
131
14
61
255
49
111
70
169
128
127
64
142
99
102
118
237
163
127
157
131
122
175
143
153
193
188
181
191
44
56
235
69
181
40
54
102
89
58
212
11
137
157
49
67
161
11
122
25
58
239
216
39
221
197
79
12
109
169
255
191
223
210
250
179
119
54
94
86
82
228
153
60
60
103
37
142
204
71
16
246
181
140
27
228
171
61
246
222
21
154
64
200
66
247
153
242
60
6
132
68
246
99
165
200
103
181
28
243
188
227
143
104
19
204
116
200
4
227
144
250
0
167
190
189
239
106
98
163
64
217
200
172
42
77
143
183
51
167
36
34
214
110
201
168
118
10
168
114
239
155
104
112
232
25
131
138
137
32
56
51
135
123
3
149
202
152
146
195
161
31
158
153
112
15
12
45
0
45
80
70
109
91
236
6
2
79
169
60
31
235
199
213
44
32
97
172
107
206
27
110
61
172
170
146
45
172
246
105
58
176
227
178
193
63
90
7
238
22
253
166
103
101
156
69
150
61
55
168
193
27
19
205
25
87
253
143
21
55
245
119
74
105
0
71
208
191
160
7
98
212
36
213
79
150
31
82
147
249
82
184
40
58
200
147
127
93
53
82
170
208
208
246
174
54
231
33
40
228
10
176
164
137
229
83
20
251
22
105
181
98
255
73
95
240
75
245
32
206
30
61
172
76
66
118
213
91
14
8
197
221
246
62
17
249
208
255
66
57
202
116
138
64
223
235
114
87
159
101
199
211
218
251
147
147
25
125
163
201
123
99
115
184
126
43
16
49
242
129
104
250
223
182
172
187
245
89
87
55
51
203
241
100
127
133
58
65
76
101
91
79
100
176
53
224
66
94
42
225
26
214
158
215
200
148
220
44
128
249
93
197
222
6
217
17
41
182
175
240
79
50
227
140
1
193
130
241
244
216
249
216
167
14
115
30
113
3
254
33
138
178
69
241
66
91
211
205
247
210
5
166
105
71
68
117
98
5
37
139
179
218
144
137
166
217
73
249
65
235
67
193
124
74
158
65
182
108
112
203
75
249
123
195
93
73
205
234
93
74
160
49
163
171
186
154
240
142
204
88
28
214
199
225
164
197
88
217
195
144
106
150
149
51
244
158
61
161
140
115
180
62
207
236
49
85
228
254
127
149
83
140
182
80
0
10
164
120
187
213
176
204
224
221
100
30
167
2
10
48
200
23
59
222
2
201
142
112
117
143
166
101
200
130
160
72
231
54
22
192
211
0
252
156
199
54
143
21
40
16
222
184
210
67
207
208
176
158
66
208
69
170
207
236
157
158
77
102
249
123
171
244
33
105
147
182
89
175
211
87
7
135
47
235
9
47
153
33
22
65
27
149
155
32
53
196
208
82
190
150
190
43
197
255
85
23
210
209
198
247
8
188
74
176
236
32
135
171
3
161
238
87
193
37
174
237
186
30
84
174
72
76
204
19
179
14
143
60
93
139
6
147
59
207
146
7
208
161
54
61
209
16
50
152
100
179
178
142
62
44
138
48
178
145
78
86
207
4
86
246
63
11
32
129
178
188
202
19
108
190
182
164
223
109
22
252
71
109
92
216
8
57
144
108
103
252
202
230
176
33
45
123
129
254
192
215
121
33
91
15
187
45
234
77
143
191
49
12
244
129
140
89
108
130
120
146
246
221
54
115
158
26
1
79
50
102
218
118
247
95
234
169
159
23
104
199
113
148
134
118
89
71
185
205
163
148
216
123
84
182
57
225
150
155
52
111
43
110
248
206
176
99
251
9
222
196
28
14
24
99
61
24
98
168
238
226
134
112
246
141
32
243
5
43
194
189
220
135
37
225
93
196
136
45
102
240
120
26
21
216
38
47
67
131
135
225
31
85
91
135
197
57
164
67
111
85
213
127
6
143
181
151
146
122
133
31
239
95
129
69
32
199
175
122
138
65
115
53
12
242
135
14
66
105
203
70
133
247
29
42
18
100
68
161
158
101
75
137
208
128
151
194
158
63
15
250
210
109
34
155
211
202
249
27
105
57
67
47
65
53
160
40
133
137
135
227
228
36
9
30
162
43
89
82
126
210
15
32
61
55
80
126
125
179
114
146
249
81
155
224
231
167
28
129
48
126
240
93
223
110
165
213
113
61
164
75
90
53
118
83
168
36
115
59
50
246
17
68
33
57
171
221
15
67
136
143
26
55
53
90
17
232
13
39
242
234
237
132
107
165
27
185
211
93
42
135
98
226
6
148
2
218
17
28
11
51
154
123
150
229
211
78
198
188
183
153
78
64
89
29
103
184
181
140
177
200
10
98
149
169
51
93
195
212
170
16
23
214
150
4
195
218
138
45
242
241
41
177
108
88
138
216
27
77
218
254
197
154
225
220
93
42
217
110
95
100
57
198
150
73
32
90
50
88
165
136
67
185
167
35
63
233
201
171
123
84
48
116
154
19
5
253
195
219
72
89
96
135
14
90
109
28
186
217
49
15
184
94
202
200
236
135
105
110
175
82
7
140
45
75
123
105
167
13
241
95
50
42
250
208
3
68
62
81
162
40
120
200
117
79
233
241
232
233
144
54
94
189
254
97
157
133
40
184
35
42
69
63
233
136
43
79
122
78
184
11
44
119
65
242
141
193
151
196
183
46
173
186
188
49
120
242
73
157
173
188
249
13
126
105
126
169
80
114
208
88
15
36
191
127
127
55
231
1
14
134
200
204
51
27
183
26
9
35
204
9
232
107
36
98
202
199
55
181
103
195
241
61
48
249
3
157
222
128
27
70
163
13
189
5
130
159
236
246
197
37
120
101
227
18
157
223
74
136
164
98
116
217
231
233
251
91
240
182
255
170
86
76
78
216
213
82
106
72
38
36
179
23
98
143
199
207
8
147
38
73
2
229
165
22
148
32
133
109
1
60
192
128
196
72
129
9
231
21
39
14
133
226
165
142
207
152
173
213
161
132
177
48
122
168
192
149
161
91
200
91
94
140
16
93
19
109
227
117
106
112
107
66
196
71
212
17
232
209
246
133
10
132
35
135
33
227
247
9
53
128
189
108
16
176
30
49
186
76
3
35
13
17
120
112
253
212
82
186
113
118
213
78
231
25
102
225
71
28
61
77
47
108
161
86
94
135
11
66
193
37
122
239
234
150
121
106
98
18
25
142
170
168
127
212
3
12
51
75
58
187
84
21
182
25
179
164
91
215
152
55
165
24
244
195
117
162
149
9
251
30
117
71
31
173
241
53
135
212
77
35
195
144
21
11
2
192
225
34
34
102
96
101
174
30
158
153
14
70
103
62
230
229
15
125
35
103
134
64
88
215
191
159
42
155
40
50
212
141
186
77
160
129
103
163
165
54
233
0
56
23
198
242
88
139
187
38
99
188
63
20
223
234
26
177
88
215
159
177
229
162
93
189
161
210
29
83
95
175
28
62
192
217
230
172
111
4
205
119
163
28
179
122
0
35
175
214
199
110
178
161
38
27
200
248
118
252
207
241
31
15
254
129
7
4
156
59
79
188
123
67
121
81
203
45
90
252
219
114
2
158
168
222
48
102
79
149
250
204
118
57
89
252
37
150
198
132
166
65
103
184
115
158
239
187
93
181
227
56
14
186
223
190
203
76
112
70
53
92
243
245
164
60
137
165
103
252
108
36
154
212
64
72
226
46
73
151
101
78
177
251
184
107
50
141
164
154
123
226
163
214
130
68
70
249
200
183
173
243
32
7
141
76
94
136
13
48
23
101
59
226
38
200
151
116
52
253
117
111
54
245
48
153
65
170
163
217
3
206
195
128
128
53
205
131
17
118
8
30
5
36
72
104
122
225
35
153
91
171
132
44
185
254
104
103
225
42
61
242
245
229
128
75
211
39
255
152
243
28
186
214
250
108
195
195
197
60
174
149
179
183
156
222
201
232
131
4
57
77
172
61
74
58
45
112
15
241
33
183
183
128
113
74
33
96
242
252
196
177
157
218
180
230
182
48
147
154
0
167
211
115
179
117
66
132
91
132
36
37
167
96
28
130
154
240
183
139
178
131
242
218
36
205
28
116
63
66
176
78
20
60
207
192
203
189
10
107
39
134
188
80
96
161
204
235
154
138
38
42
87
65
146
8
73
185
202
236
41
17
138
60
124
0
119
84
16
195
52
184
94
188
97
142
70
236
209
136
124
199
191
24
174
83
207
250
132
94
249
138
55
209
94
157
59
230
62
175
73
110
114
179
51
230
187
49
209
95
43
164
132
181
214
43
91
144
104
168
63
24
36
238
238
132
124
253
193
206
159
7
161
14
137
139
152
79
236
87
169
61
235
119
13
127
80
172
89
180
236
86
157
238
208
146
197
227
38
210
62
233
134
242
177
101
0
238
158
40
138
70
43
106
10
71
30
154
199
3
184
225
18
186
39
40
117
235
81
4
102
227
230
45
252
174
187
246
129
40
189
200
44
157
58
140
64
3
165
75
82
182
79
194
131
51
230
219
115
2
64
2
114
167
216
59
165
173
135
25
144
206
253
4
101
188
46
107
102
66
160
2
235
27
178
144
225
234
16
117
246
5
155
230
240
39
5
197
23
117
25
32
133
179
47
114
171
110
152
169
170
176
190
64
81
149
148
117
78
141
156
136
167
115
165
207
189
223
25
76
238
8
113
59
88
164
32
230
217
172
130
34
202
238
83
42
219
136
166
205
15
24
40
158
150
224
56
51
165
78
213
246
193
209
37
32
139
185
96
229
52
33
94
12
176
156
228
248
99
109
200
99
0
111
156
217
210
28
5
198
31
80
12
44
148
212
35
228
100
140
18
3
245
163
158
158
252
214
18
99
203
49
224
202
250
48
131
224
20
247
104
38
201
204
224
235
88
189
198
195
184
69
23
179
202
131
218
13
100
151
12
53
119
147
42
67
34
134
224
160
62
127
202
213
209
113
72
107
96
125
31
231
116
232
213
136
176
109
42
126
212
107
218
58
126
187
80
186
180
39
171
122
111
159
232
44
205
130
163
215
217
38
239
232
20
12
68
116
119
78
126
1
122
130
217
30
45
19
105
25
217
249
20
114
50
246
5
235
144
92
46
171
107
247
135
243
38
67
243
12
38
58
198
60
190
246
59
155
212
118
51
2
170
201
155
183
92
7
138
80
164
17
154
59
241
187
247
150
46
167
157
82
200
141
143
74
135
67
122
200
147
240
146
161
61
240
172
139
200
189
50
14
151
200
233
53
223
233
136
92
166
94
32
33
161
170
173
61
173
197
79
145
54
232
52
61
97
15
16
181
89
170
64
78
128
210
146
186
138
140
215
216
89
137
72
168
184
170
25
160
64
185
114
38
219
163
37
134
36
171
167
240
145
37
67
113
50
10
176
28
212
9
31
2
209
177
19
239
152
130
112
99
59
46
33
121
150
61
44
10
99
73
58
31
189
207
95
135
255
244
117
249
88
141
130
243
92
177
219
205
232
199
232
8
158
83
91
87
97
222
198
11
0
87
157
171
231
35
45
13
60
60