45,61,69,30,78,66,9,65,42,26,67,16,27,40,62,32,46,5:3,4,3,9,8,0,2,5,8
70,96,82,0,99,65,67,67,25,4,16,28,40,66,8,27,1,23,30:2,5,10,2,9,7,10
72,97,30,51,41,87,26,76,43,36,42,58,67,28:5,2,8,3,3,4,7
15,10,36,9,93,81,32,88,91,92,87,76,27,41:3,8,6,4,0,4,7,3,4
84,84,50,53,14,41,51,86,8,67,54:3,9,10,5
31,53,95,74,59,30,53,46,87,70,23,31,56,78,92,62,24,60,67:2,1,6
47,46,25,76,79,71,63,1,44,57,43,25,52,81,92,48,98,87,9:3,3
11,62,18,78,54,85,78,11,76,42,97,13,44,54,1,29,34,17,39,76:2,8,9
54,75,97,97,7,24,61,54,24,65,78:7,3,7,8,3,9
80,67,16,54,44,81,21,37,80,47,86,10,49,46,20,16,87,59,64,0:7,1,1,0,3,6,8,2,0
39,83,90,79,5,51,42,32,0,80,91,79:0,9,10,3,7,6,2
33,75,4,46,7,79,48,15,13,40,26,66,53,69,51,99,99,99,68,76:5,0,8,6
21,61,78,26,48,88,9,59,10,90,3,7,60,5,52,47:1,6,9,8,10,0,3,1
53,96,16,98,90,70,72,18,78,90,13,47,44:6,1,6,6,3,9,2
85,42,100,82,79,95,78,19,30,56,71:1,9,9,0,6,8