9,7,12,82,62,21,64,17,57,37,5,56,49,22
39,99,46,3,56,79,37,98,14,11,86,35,89,51,54,68,93,84,32
29,27,82,8,9,35,31,3,100,54,47,6,34,95,31,2,44,25,27,92
87,96,50,79,38,12,43,92,77,49
43,37,86,76,58,75,80,33,48,5,70,45,44,91,77
99,44,48,25,96,89,57,39,71,45
43,51,76,26,62,91,49,77,69,43,48,81
43,21,64,65,87,63,55,51,83,48,48,5
89,84,93,77,39,85,49,2,19,46,16,65,83,98
11,81,87,20,74,35,34,71,45,44,64,71,63,78,19,17,70
36,3,14,0,93,42,66,65,45,38,6,2,68,22,11,73,71,33,76,44
31,38,6,53,50,34,30,100,20,66,71,23,39
17,63,23,71,94,58,80,78,98,59,67,22,39,70,22,56
83,64,91,53,36,7,7,27,42,86,87,88,70,20,85
34,77,78,54,11,39,45,57,22,53,2,73,19,3,31,80,8,56