45.0,61.0,69.00000000333333,29.999999996666673,78.00000000000001,66.00000000000004,8.999999999999993,64.99999999666669,41.99999999333335,26.00000000666662,66.99999999666659,16.000000003333298,26.999999996666702,40.00000000999995,61.999999999999915,32.00000000333307,45.999999999999886,5.0000000033333265
70.0,96.0,82.0,0.0,99.0,65.0,67.0,67.0,25.0,4.0,16.00000000500586,28.000000000029104,40.000000000116415,65.99999998998828,7.999999995081453,26.999999999883585,1.0000000051804818,22.999999995110556,30.0
72.0,97.0,29.999999999999986,51.0,40.99999999999997,86.99999999999997,25.999999999999986,75.99999999999999,42.999999999999886,36.0,41.99999999999999,58.0,67.0,28.0
15.0,10.0,36.0,9.000000003333355,93.00000000000006,80.9999999933335,32.0,88.00000000000023,90.99999999666693,92.00000000333343,87.00000000000006,76.0,27.00000000333347,41.0
84.0,84.0,50.0,53.0,14.000000003333298,40.99999999333329,51.000000000000114,86.00000000333353,8.0,66.9999999966667,54.0000000033333
31.0,53.0,95.0,74.0,59.0,30.0,53.0,46.0,87.0,70.00000000499995,23.0,31.000000004999947,55.99999999499778,77.99999999500142,92.0,62.00000000500586,23.999999995001417,60.000000004976755,67.0
47.0,46.0,25.0,76.0,79.0,71.0,63.0,1.0,44.0,57.0,43.0,25.0,52.0,81.0,92.0,48.0,98.0,87.0,9.0
11.0,62.0,18.0,78.0,54.0,85.0,78.0,11.0,76.0,42.0,97.0,13.0,44.0,54.0,1.0,29.0,34.0,17.0,38.99999999627471,76.0
54.0,75.00000000285715,96.99999999714285,97.0,6.999999994285719,23.99999999285715,60.99999999571426,53.99999999571426,23.999999995714305,64.99999999571426,78.0
80.0,66.99999999857143,15.999999998571429,53.99999999714286,43.99999999571428,81.00000000428571,21.000000000000014,36.99999999714285,79.99999999714287,47.000000015714285,85.99999999285714,10.000000002857137,49.0,45.99999999999999,20.000000009999994,15.999999998571411,87.00000000428565,59.000000004285724,64.00000000285715,0.0
39.0,83.00000000333333,89.99999999777778,79.00000001,5.000000004444448,50.999999994444444,41.99999999999999,32.00000000777777,-5.5555675615437394e-09,79.99999999555556,91.00000000222222,78.99999999666667
33.0,75.0,4.0,46.0,7.0,79.0,48.0,14.999999999999996,13.0,40.0,26.000000000000114,65.99999999999989,53.000000000000455,69.00000000000023,51.00000000000034,99.00000000000091,98.99999999999909,99.0,67.99999999800116,75.99999999599913
21.0,61.0,78.0,26.0,48.0,88.0,9.0,59.0,10.0,90.0,3.0,7.0,60.0,5.0,52.0,47.0
53.0,96.00000000333333,15.999999998333323,97.99999999666667,90.00000000166666,70.00000000333333,71.99999999666666,17.999999996666656,77.99999999333333,90.00000000333333,12.999999996666666,47.00000000499999,44.0
85.0,42.0,100.0,82.0,79.0,95.0,78.0,19.0,30.0,56.0,71.0
