637.0991719,1595.92668807,244.15668346,7.10460813,31.2609358,1154.03022919,633.13341463,125.46903427
-1155151.29760739,146715.40869136,-721473.87207028,-210350.87719727,-1203335.63891598,-57140.39794925
604.79766272,122.22645248,-59.39365632,193.53622528,506.75784704,23.33123072
1717.32098764,1181.88888888,1302.60493825,-122.4074074,283.41975309,1907.7530864,309.18518519,1202.82716048
2034.85185194,2984.03703718,2190.11111122
-157282.37165064,-62124.33103973
60.0
21691670.89257812,74476735.05859375
112.393926,165.03195098,126.87211111,187.2182849,115.77278175
167.73603552,71.93368876,-76.93807258,-161.95757584,-169.47060655,-126.46549221,26.67637396,0.0
90.28267047,6.35158183,79.95866459,99.8630309,86.32919239
-17940.01747712,1974.90510131,7915.3806039
-6529006.0,-12036282.0,-8727695.0,-15956792.0,1042362.0,-4334127.0,-1570584.0
32.27758844,157.3077632,92.72256516,-10.35312716,120.59354639,62.31315015
22196148.0,25702583.0,-1797410.0,14095164.0,22643063.0
