15.0,0.3333333333333333,7.5555555566666674,-45.40740741,37.98765432333334,-6.798353913333333,80.15089164,-96.50160037333335,-63.980033526666666,-15.058629283333334:637.0991719,1595.92668807,244.15668346,7.10460813,31.2609358,1154.03022919,633.13341463,125.46903427
35.0,-39.5,-35.25,250.625,-518.8125,166.90625,2081.546875,-6293.0234375,6804.13671875,12186.869140625,-65543.90332031,116333.93603515,5717.039794925:-1155151.29760739,146715.40869136,-721473.87207028,-210350.87719727,-1203335.63891598,-57140.39794925
14.4,13.64,-22.496000000000002,-11.265600000000001,31.87584,16.468224,-63.2036736,0.6669670400000001:604.79766272,122.22645248,-59.39365632,193.53622528,506.75784704,23.33123072
5.0,-10.0,28.666666666666668,-60.111111109999996,147.29629629333334,-290.45679012:1717.32098764,1181.88888888,1302.60493825,-122.4074074,283.41975309,1907.7530864,309.18518519,1202.82716048
28.0,-56.0,91.33333333333333,-116.33333333333333,142.55555555666666,-178.44444445,271.03703705000004,-427.22222224333336:2034.85185194,2984.03703718,2190.11111122
15.5,18.75,-8.375,-15.0625,62.15625,29.109375,-174.5234375,22.93359375,555.603515625,-311.60253906,-1499.509277345,1700.062255855,3676.496704105,-6899.43511962,-7533.772552505,24496.191635115,10365.221839955:-157282.37165064,-62124.33103973
15.666666666666666,-0.3333333333333333,8.666666666666666,16.666666666666668,9.666666666666666,14.0,7.0,-6.666666666666667,21.333333333333332,-2.3333333333333335,16.666666666666668,-8.333333333333334,25.666666666666668,1.3333333333333333,29.333333333333332,-13.333333333333334,46.0,-17.0:60.0
5.5,9.0,-51.75,205.5,-562.125,1366.25,-2896.4375,5443.125,-8700.53125,10329.0625,-2115.359375,-38012.84375,161592.4921875,-475285.171875,1173974.97265625,-2557102.1171875,4945538.091796875,-8275184.33984375:21691670.89257812,74476735.05859375
7.714285714285714,7.408163265714286,2.9679300285714283,-3.6393169514285715,-12.180817517142858,-4.19697575:112.393926,165.03195098,126.87211111,187.2182849,115.77278175
11.428571428571429,7.93877551,-0.48104956285714284,6.648896292857144,0.50663414,-2.64904079,-16.35366702142857,-6.775004375714286,7.0980338142857144,-0.09211187285714285,18.08549402142857,18.66181302142857:167.73603552,71.93368876,-76.93807258,-161.95757584,-169.47060655,-126.46549221,26.67637396,0.0
4.333333333333333,4.407407407777778,3.6584362133333332,-0.12665752,-6.840065032222222,6.562273141111111,-3.6645961966666665:90.28267047,6.35158183,79.95866459,99.8630309,86.32919239
6.6,15.0,-9.76,-22.72,-0.984,63.864,38.4384,-98.0016,-135.53824,118.67648,339.66310400000003,-14.036480000000001,-675.2727424,-371.3373568,1107.48016384,1424.2670617600002,-1306.563433984:-17940.01747712,1974.90510131,7915.3806039
21.0,-65.0,279.0,-1231.0,5233.0,-21813.0,90785.0,-377714.0,1570631.0:-6529006.0,-12036282.0,-8727695.0,-15956792.0,1042362.0,-4334127.0,-1570584.0
8.833333333333334,14.527777778333332,-8.587962963333334,-5.596450618333333,5.576260288333334,4.407814645,-9.156575075000001:32.27758844,157.3077632,92.72256516,-10.35312716,120.59354639,62.31315015
85.0,-723.0,5842.0,-45989.0,360892.0,-2830374.0:22196148.0,25702583.0,-1797410.0,14095164.0,22643063.0
